4.220074 -11.171352 36.770040
6.915175 -10.182296 14.676648
13.232986 8.472675 23.466899
20.488092 3.037641 48.768408
20.084150 2.196876 1.117443
7.993214 5.039631 36.187946
16.730132 9.633358 1.012444
31.604750 -0.125178 2.639355
38.397752 4.922835 -7.579466
14.518303 -15.611376 28.924746
-0.856388 4.582638 13.225935
-10.228634 4.586052 37.042397
20.597892 9.998484 20.236403
1.472015 29.429572 2.359968
-7.615580 20.632766 13.005042
17.597043 21.079961 8.141402
9.323882 -3.822117 -1.556142
21.125088 2.350025 40.414532
9.538621 -17.425560 58.989673
25.854129 5.835320 9.380675
19.950787 -5.692513 28.279022
36.720348 11.237374 -11.089705
13.328796 2.431095 -10.249104
2.023825 -2.105834 47.392281
9.437936 -16.328229 19.270523
12.438860 -24.081645 53.534592
-21.773370 -13.900824 27.933031
-4.147707 -4.001316 12.021976
26.975215 13.076882 4.749061
-5.022568 7.387529 18.942462
-2.677811 -21.225188 41.175702
15.642268 -12.384459 6.564235
