-20.013351 6.213688 16.699960
-46.052632 12.610811 18.830932
-24.109369 18.416529 13.849260
4.571386 20.534109 16.330936
-25.166987 25.126232 11.590138
-26.303216 8.995301 30.468854
2.976746 4.764619 11.573003
-12.744772 18.732125 33.507032
2.363201 7.961037 24.990834
-25.373421 18.785926 29.660990
-26.933939 21.969518 2.058657
-1.949407 11.782308 5.659984
-9.986409 31.418830 19.031052
-9.862514 4.137617 28.056517
-21.331140 2.989631 34.291244
-35.444295 16.075317 32.417250
-29.265699 5.483962 0.856080
