4.552823 31.791334 -37.682300
11.958711 24.579913 -18.413321
-16.571458 36.398854 -17.220266
8.569568 48.265115 3.661841
1.704640 30.327290 -1.671531
-1.089893 23.833851 -4.610325
11.440988 38.447653 -18.092422
-8.951926 41.018712 -40.458311
13.828893 47.295259 -36.903816
16.470927 14.202279 -18.895437
-23.380788 34.231731 -38.940878
-5.288238 20.068191 -13.626341
9.520902 37.354772 -37.768342
-0.942535 31.163526 -17.910674
0.958970 9.883909 -28.052149
13.371386 13.473901 -36.992283
22.645498 37.382435 -8.437477
-5.300005 57.195505 -12.728681
-11.627540 8.847602 -27.392617
11.470918 16.308650 -11.401459
-1.079154 64.091755 -27.390265
7.773212 20.647115 -38.210212
-22.796465 42.990206 -46.736023
-8.510268 49.084429 0.488180
-16.656950 57.047046 -20.516109
28.124264 31.912431 -27.005396
24.525095 42.647926 -18.188569
11.779396 59.276460 -23.369998
-12.660196 36.849963 -4.142748
-12.813286 57.774175 -39.065917
16.350583 42.597423 2.295814
27.231837 13.896333 -24.669695
29.757635 25.371751 -21.994712
17.360899 25.221638 -30.103703
15.780443 59.201058 -11.955755
-4.316114 55.280642 -8.086440
14.582883 5.317491 -25.775663
