10.147954 2.328898 3.754602
10.907309 11.670433 12.436123
7.433687 10.525495 -0.606121
28.184380 -9.971380 31.760107
35.656298 -13.520407 9.400828
9.828974 -16.827547 32.178653
31.759760 23.045278 4.523232
13.034683 -11.811254 12.250917
17.681291 -23.597849 19.354723
14.291503 24.537425 -15.457124
5.715539 26.448817 -11.887107
-1.458060 -3.861470 -11.391884
25.604805 4.910521 20.084943
16.097852 -5.762524 17.565119
1.480767 19.238346 18.567327
18.386174 3.616770 5.212982
23.362835 0.830055 7.545467
33.763647 -20.264985 26.327970
40.344176 -29.924420 2.645430
15.954357 -2.136964 -15.620891
30.781190 10.416150 14.813084
-6.891650 3.884202 -10.469618
30.212246 -31.776129 9.500863
13.691491 24.265878 -4.024624
1.301320 1.163187 11.321887
35.807920 -25.299114 18.578964
15.616577 -12.358344 24.457066
42.177876 -15.139005 15.563609
15.744404 -1.682045 32.058171
23.740900 21.481493 -6.757331
