49.120885 49.120885 0.000000
58.987271 58.987271 0.000000
77.278289 43.945811 -14.896153
43.945811 77.278289 14.896153
68.281921 66.525206 10.660238
66.525206 68.281921 -10.660238
70.673449 45.903290 -27.781430
45.903290 70.673449 27.781430
40.788806 51.516057 -9.269268
59.587254 76.141603 5.216278
76.141603 59.587254 -5.216278
51.516057 40.788806 9.269268
72.759347 72.759347 -0.000000
64.593072 80.384404 7.250937
71.767454 36.381379 -5.765492
31.596205 56.569120 28.372492
56.569120 31.596205 -28.372492
36.381379 71.767454 5.765492
45.215430 81.707095 22.618312
64.067820 73.986940 33.322941
80.384404 64.593072 -7.250937
73.986940 64.067820 -33.322941
71.037468 67.398962 -25.616964
81.707095 45.215430 -22.618312
45.933212 44.315152 -6.353291
33.221967 76.875505 7.234388
76.875505 33.221967 -7.234388
56.100641 68.508540 -10.511252
67.398962 71.037468 25.616964
68.508540 56.100641 10.511252
44.315152 45.933212 6.353291
