22.779948 7.776053 3.403410
9.689739 -10.075760 38.732450
12.919133 8.650926 23.281341
19.313000 4.407408 -15.120536
6.870736 -10.224882 14.894823
-1.108103 2.439907 22.311366
0.960684 -10.719951 35.575070
1.893825 11.834279 21.970926
8.993833 -21.510288 39.462835
26.558259 4.876637 13.418666
19.750952 17.815133 -6.873019
0.046155 29.046031 3.265372
9.626317 -6.724753 2.448080
14.666112 10.072209 -2.186910
16.507541 21.363782 7.867314
12.407157 -6.332606 -15.022797
2.775040 6.729859 31.080321
7.160939 4.955504 36.965490
21.270757 -13.318194 1.442018
-3.654129 -0.029130 7.149088
20.915427 3.192695 40.116352
12.562451 -23.694633 53.979576
5.252928 5.986218 48.945656
20.577429 1.331592 21.955636
-8.744605 15.375850 20.434333
9.691893 -15.932686 59.030972
31.829222 8.505068 -17.495658
13.089470 2.172901 -10.337394
1.835289 -2.056843 47.761635
10.343559 -17.094025 19.922276
16.716244 -11.673762 20.121267
-5.119805 2.471908 15.650633
