28.993691 14.420440 25.608051
17.981275 32.897738 33.704687
22.907152 34.191804 39.207022
2.124116 13.595937 7.552811
4.483032 9.308236 19.643923
33.538101 35.264211 23.153842
25.108363 40.210933 12.527758
14.376340 15.708048 29.955805
27.690737 25.056169 2.762630
46.037884 14.888114 43.809808
20.932021 3.620034 30.153204
43.899288 6.953330 42.587881
19.115672 -3.814075 16.197062
42.903171 28.746322 42.255512
40.937918 11.452225 34.793289
29.958593 37.292534 6.563818
34.283349 25.980155 50.275112
7.616712 4.251137 6.951038
4.307234 10.086886 13.495410
13.805458 16.700365 0.434258
7.593113 17.896866 9.105291
15.902223 7.482401 4.420959
16.095493 25.857548 27.296148
