-23.063440 64.745384 27.386091
-31.631992 83.494803 33.484059
0.311325 70.362128 22.605496
-1.759826 57.286159 39.722841
-15.978763 80.804353 26.029943
-25.614182 77.933544 0.295982
-33.432723 67.430155 30.065467
-7.163836 58.917270 24.687836
-14.678567 62.170276 24.104101
-30.676373 69.730469 5.130992
-6.192927 78.890636 39.672327
-7.899260 82.646474 32.643898
-26.855952 85.323383 8.014991
-34.954098 72.091014 2.972786
-41.525334 72.150284 26.773531
-8.834245 64.808612 50.420626
-15.911111 69.999258 36.956536
-26.796265 76.957718 29.507032
-16.659978 51.406246 34.759820
0.590820 82.150579 10.867954
-0.644047 78.589307 29.790782
-34.201881 83.721229 16.321443
-0.073351 73.712644 6.909572
