-27.668888 -5.558373 -4.192176
-45.030222 -37.085251 1.642011
-31.260862 -18.257709 -0.605807
-41.678165 -2.556379 0.147092
-43.429742 -21.110315 -12.776301
-22.265420 -3.471830 -17.222770
-31.095126 7.605441 0.521415
-44.759238 -14.331285 -2.247934
-32.046935 -26.398003 18.147675
-39.130309 -13.049796 12.829172
-39.249946 -2.326688 -16.473833
-51.498335 -16.988330 -5.976305
-34.493851 -28.055693 -6.039925
-44.970349 -28.290144 -10.309784
-23.651283 -30.272207 4.256479
-54.397398 -17.302956 12.834360
-38.932033 -3.931243 9.565294
