6.455363 -7.452850 32.356506
-24.877533 -3.047832 48.356976
-12.699374 -10.886593 14.722090
-4.253751 0.642572 17.445157
-25.762252 1.699310 6.957095
-12.830010 -10.629311 43.759015
6.864199 9.872652 42.042229
-16.570519 -6.146242 6.949976
-30.086555 2.848472 21.547149
17.264245 -3.135089 38.664320
-34.841232 -1.996575 31.053041
-5.736599 9.091081 35.306598
-27.229696 -8.601642 41.752908
-10.924386 6.510477 40.377274
16.199347 3.309506 21.787715
-28.788292 -8.585846 25.597582
12.028685 24.706795 25.319678
10.137385 20.482823 37.810265
0.466195 12.462933 32.872910
-5.624430 6.510164 44.853766
-31.699675 0.187120 39.004063
2.534809 22.788142 28.626448
5.833880 17.136890 18.913700
27.795029 10.589228 26.745752
10.419670 11.989277 17.382700
-19.799480 8.578205 11.444585
-20.394094 -14.478869 15.735805
3.422964 -9.690900 21.248517
-10.029458 15.984866 22.623668
