3.174408 34.869150 58.211827
31.932449 24.121570 47.178274
35.487724 -5.158049 15.571206
40.469200 9.402311 24.351803
7.799773 50.311220 49.868861
5.500481 24.283873 83.104491
17.233422 60.283088 49.020755
24.114998 63.543942 53.246628
16.438766 19.302676 44.959546
-5.155418 33.736052 61.586021
1.488823 17.693706 73.766468
26.493179 43.326477 85.877649
21.622632 55.305663 51.187754
18.084461 18.623316 25.853910
22.228650 31.499721 58.272599
2.331880 38.992292 81.310609
48.431320 11.005611 27.562530
17.300556 0.663592 50.870187
9.083477 12.627732 9.775012
14.040760 35.097782 56.169983
21.612325 -10.166397 16.884359
29.036562 10.229140 21.591938
21.249178 29.461988 40.570603
19.814437 21.832420 38.329166
16.431297 1.038882 43.040717
24.919715 -14.432228 12.556887
22.669107 12.198003 21.150283
6.471561 7.098560 5.520791
16.452178 17.663940 10.269193
30.112135 34.828565 59.698132
10.011551 17.707173 71.362627
17.127336 51.429894 80.880294
16.281261 34.262161 86.887150
42.461225 26.876488 40.607127
15.721952 29.093707 60.332661
26.741596 25.239426 78.594853
10.884725 8.703774 39.120688
-5.204688 43.935603 75.609943
8.106131 36.335497 42.155200
25.794856 -6.558395 46.483452
20.479732 11.919559 6.526568
12.510870 38.678159 88.620937
48.332286 24.918162 31.859483
23.068970 22.520463 73.471256
16.066808 2.938899 -1.159543
32.034097 35.652039 73.102448
35.963856 7.816273 9.231877
26.574344 22.568214 53.540043
34.004713 27.792166 35.816015
17.179077 26.156277 43.846098
52.657725 10.408808 38.123163
13.666976 10.814215 24.297409
-9.363233 33.871807 72.247739
