-3.335567 -22.255280 -16.432096
-9.516731 8.526044 -16.838971
-8.480882 -9.647780 -15.763546
8.480882 9.647780 -15.763546
9.516731 -8.526044 -16.838971
3.335567 22.255280 -16.432096
-3.944154 0.371882 -16.329550
-0.000000 0.000000 -32.064912
-2.014888 -24.575234 -1.999532
14.834868 12.245982 -5.730174
3.944154 -0.371882 -16.329550
0.000000 -0.000000 -23.555110
-14.874248 -12.965469 -24.708892
-14.834868 -12.245982 -5.730174
-16.421960 11.428649 -7.522304
14.874248 12.965469 -24.708892
16.421960 -11.428649 -7.522304
-0.000000 0.000000 -5.059558
-12.733100 15.335822 4.224436
2.014888 24.575234 -1.999532
-12.208949 -16.011696 -33.745914
-16.506284 10.655052 -26.400439
16.506284 -10.655052 -26.400439
-17.225959 18.290524 1.999713
12.733100 -15.335822 4.224436
12.208949 16.011696 -33.745914
-21.563974 9.309496 -15.682576
21.563974 -9.309496 -15.682576
17.225959 -18.290524 1.999713
16.154550 -3.344378 -28.518046
-16.154550 3.344378 -28.518046
