25.434063 15.221657 75.632896
43.199449 0.018308 92.485333
34.695337 6.779713 82.196757
18.369654 6.813785 87.929980
14.209771 22.108443 78.465538
48.196259 0.449510 52.331785
32.282875 -3.976452 78.560478
22.861498 12.556181 67.483779
23.389043 13.088798 98.553931
15.375433 6.371534 72.220651
31.498500 23.636969 86.806415
47.740790 0.264571 64.243121
41.190925 -11.666733 78.999223
51.293860 10.293929 96.297634
27.250701 16.470562 60.096647
42.622469 15.554165 78.310185
29.210255 -2.825076 66.709899
51.922538 -11.481359 88.286560
45.609022 5.253350 58.346912
60.955458 -1.171408 74.656043
26.346618 -2.394274 93.044610
37.806434 17.350778 83.976693
28.043653 -0.377823 85.420165
