41.866428 30.400729 33.224537
39.710977 8.511651 47.744942
29.217923 11.978128 34.507684
44.270315 41.936945 45.745729
32.572040 39.701175 39.049833
65.604119 32.345810 51.814786
21.736878 38.867657 16.357921
36.689043 18.820745 42.721636
52.769641 10.829771 62.939402
31.933804 27.520446 15.375622
36.730611 19.510616 52.739011
54.681881 40.827748 40.396372
51.071745 3.079842 46.754561
63.744764 33.897907 44.183963
65.146226 18.228757 51.321820
29.561621 35.426897 46.462015
31.071029 19.177919 19.102300
38.575103 27.172527 55.763838
17.402032 18.477585 33.224185
25.890994 28.408249 16.534653
42.911961 23.145110 54.854472
50.516276 23.399957 63.240548
42.960670 19.496614 36.082128
56.893834 2.577808 59.509241
25.485492 39.742769 24.828443
18.461616 19.691890 22.689983
63.522612 6.565956 51.987615
47.825207 -0.465402 61.135364
46.820240 23.632888 33.263582
63.091907 25.840075 38.613318
48.738353 42.928456 32.383553
37.070183 23.608110 19.132381
