8.569498 -3.255109 4.485894
1.248782 0.913111 -0.593253
-0.557589 18.920176 -10.541939
19.586794 19.004632 -21.670590
-10.927721 8.085609 -22.095841
-4.497745 36.219127 -18.408343
17.068139 26.870575 9.275477
1.382586 22.739283 -39.320091
19.938061 4.744679 -0.504889
5.485073 36.058238 -6.534100
-5.647166 20.912983 -38.889024
4.129428 20.207272 4.850402
-12.350189 23.400771 -13.196230
14.086119 12.429766 5.622978
-6.055602 2.229182 -10.939113
3.571153 32.680513 -32.607298
11.168814 38.170451 2.136872
17.874593 27.277557 -29.857463
-13.807688 2.563333 -11.207636
