8.446795 11.989880 32.385647
17.404235 13.987386 40.945036
24.278990 19.042471 21.901707
12.015740 -9.582106 31.614294
14.760606 -3.520032 11.666232
27.425778 -3.739238 23.755826
28.395677 10.887469 15.418094
21.214563 3.282251 44.636007
16.731242 15.048139 13.890248
-4.278927 -2.796572 12.011903
11.972825 -0.934289 45.731556
2.296547 -5.606198 -1.242752
33.220283 8.198168 29.184751
4.072201 2.849985 0.507977
27.251632 -9.221818 33.865974
-1.836421 -8.313615 37.387875
31.866764 22.460947 22.589492
