23.168381 -7.908718 9.977739
17.936688 8.923397 30.102926
26.190963 -0.225786 20.272387
-2.901636 1.204706 27.144852
1.778316 -3.465653 3.803604
25.096290 -21.130295 25.470194
8.327266 -15.670746 25.376492
25.256707 -2.904388 30.783750
-1.567691 7.886126 8.993475
28.440436 5.321037 12.157380
16.837504 -3.954413 -1.610053
9.353043 6.175719 4.678084
18.039552 8.318318 5.547694
23.856039 21.933939 15.565825
10.542269 -32.018912 7.530901
4.694434 -7.303231 30.139122
9.827672 15.394666 9.822158
15.790407 -24.829156 22.774292
-3.084898 -25.570980 19.855124
32.685329 -15.437184 23.362613
13.728616 -7.883671 32.788183
-2.949794 -2.189038 13.372764
29.547591 19.577670 36.483769
15.259522 27.354714 30.033095
23.159029 -26.170528 9.770070
13.403573 24.962704 14.550814
8.940317 14.517676 40.018200
30.492694 18.402744 21.281580
-3.956455 -9.785191 19.910877
36.309634 2.556489 18.848410
-9.689365 7.168872 24.933849
19.490199 -14.353438 -2.094052
