-2.216597 -9.746309 31.289590
16.175913 -6.797638 23.489335
7.483386 3.239144 16.618348
-5.156036 -4.179208 19.785574
-7.100466 10.668237 36.771314
8.620524 -19.312706 3.199559
-17.904710 1.516809 42.359072
-17.666390 19.719274 19.237122
23.027515 -3.446619 -1.373775
-26.514836 8.427425 34.483005
-23.516569 3.545104 18.132196
-1.027493 -9.530865 41.577873
8.507192 6.613642 5.409123
-27.934944 2.306830 26.919688
7.940263 12.626846 27.205646
1.778517 -22.628177 33.547041
-3.424882 17.125617 22.388569
19.808773 -0.563634 9.099102
-1.214260 6.787580 34.592675
-17.579408 15.846646 38.383500
-23.357943 -6.690063 25.388239
