-30.001812 2.488195 -2.720040
-30.307287 29.864178 2.663770
-30.307287 -29.864178 -2.663770
-21.914571 -10.067854 18.190348
-30.001812 -2.488195 2.720040
-36.908902 -18.406787 20.014066
-21.914571 10.067854 -18.190348
-36.434455 21.727515 -10.638916
-21.454388 -10.709599 -23.328095
-36.434455 -21.727515 10.638916
-12.278780 29.836403 1.967758
-36.938780 -6.225684 -12.014830
-26.651801 36.970744 -4.522697
-41.806686 -16.298579 -6.613016
-34.742651 -10.116018 21.373330
-39.357300 -23.870294 -1.706633
-36.938780 6.225684 12.014830
-32.859789 -25.531257 15.165305
-36.908902 18.406787 -20.014066
-13.382295 -31.109178 11.887283
-13.382295 31.109178 -11.887283
-12.278780 -29.836403 -1.967758
-21.454357 10.709619 23.327941
-26.651801 -36.970744 4.522697
-41.806686 16.298579 6.613016
-39.357300 23.870294 1.706633
-32.859789 25.531257 -15.165305
-34.742651 10.116018 -21.373330
-30.701946 -14.661140 28.898212
-39.379805 -10.995788 -3.481499
-14.836389 -22.925778 28.118514
-39.379805 10.995788 3.481499
-19.054431 22.457410 -2.071352
-19.054431 -22.457410 2.071352
-14.836389 22.925778 -28.118514
-30.701946 14.661140 -28.898212
