-45.017130 24.830196 -13.564503
-34.820287 24.167212 3.340670
-38.930829 26.286605 -24.983405
-14.558443 24.786359 -1.829208
-41.548182 -9.491177 -23.886575
-33.209852 10.086498 -20.061019
-24.609471 15.632297 -15.520528
-20.027979 15.724953 -24.586846
-25.863208 4.670546 -4.264563
-25.122977 4.397578 -13.195816
-53.548188 15.890369 -16.802315
-18.300016 -9.646999 -4.487125
-59.334715 28.100446 -0.478222
-17.484953 2.414751 -23.556061
-34.552183 33.680189 -19.054424
-45.408779 -3.187539 -32.031079
-44.357817 8.959329 -10.769477
-32.375155 32.005459 -38.342447
-49.939983 24.586070 -28.110640
-10.644175 6.319730 4.091519
-21.344027 14.775081 9.415549
-24.946284 5.786111 13.959794
-8.234617 5.724828 -19.350370
-26.904839 9.873704 -28.769722
-13.623474 14.518787 -23.692981
-29.893796 17.605635 8.837349
-34.723098 10.423849 -4.607485
-21.617869 29.772685 -13.874206
-34.189018 -6.666595 -29.996340
-23.626610 -2.329694 -12.662006
-42.388130 32.061059 -29.230227
-26.360563 7.615047 1.579533
-35.217571 4.128522 -1.765020
