39.934482 10.051912 23.871494
35.813788 -5.095032 15.418055
16.507921 7.985685 21.346558
33.463510 27.594585 37.991848
41.957121 27.504818 39.767652
33.975725 8.558680 6.986497
16.455786 18.606302 45.699455
22.158133 12.733315 21.376781
36.917347 21.110853 48.669234
26.333798 10.240567 53.238551
15.831821 17.977730 10.185818
19.698210 21.849720 38.441219
40.702468 6.240552 46.679333
48.252943 11.948014 26.042478
26.430360 -2.259335 55.455481
12.378176 1.653934 -0.490723
48.130272 0.986503 41.374930
28.653096 10.606216 20.835691
10.629350 9.119650 38.930954
30.597743 6.233398 54.298086
6.719520 6.338488 5.040626
16.133929 2.884758 52.745542
52.392967 10.899485 37.971038
