19.840346 8.355103 4.141267
8.095362 -13.769620 41.831331
10.427715 -8.053684 38.538342
20.754594 1.523607 0.170665
13.291563 8.719194 23.687635
-2.300304 5.729180 13.609456
6.940802 -10.269223 14.389254
20.597537 2.984277 48.798123
23.101742 8.204306 -6.645658
15.654165 22.228067 8.549641
-10.816947 7.511657 29.130839
17.910346 4.141212 33.271687
7.589943 5.015259 37.813775
30.911797 -2.193090 2.562868
28.843986 12.601095 15.662283
-9.945551 4.488839 37.026751
2.004325 12.045893 22.331700
21.333892 2.676140 39.928202
1.565344 29.526751 2.878446
-1.566521 -20.464068 43.275275
-21.579501 -14.004200 27.974974
9.730187 -17.517264 59.009681
8.292821 -22.809733 39.255416
-8.523013 1.844636 17.991006
-19.812893 -1.982148 18.801882
2.149173 -1.969229 47.514513
13.237040 2.415237 -10.090290
3.787299 6.558679 30.811814
-8.091180 20.402817 13.056480
20.806159 -6.656966 14.923102
-2.852178 -4.830169 12.639632
12.856183 -24.130915 53.880764
36.785191 11.257210 -10.883542
29.240253 14.231368 3.817278
19.435562 27.707763 3.054298
20.386352 2.912183 18.519575
13.215758 -9.150316 3.965723
-3.528632 4.191710 20.423021
8.926567 -17.069849 18.770718
1.980824 -11.505578 35.123230
-8.895126 9.646672 15.981320
