2.724873 35.767315 59.428404
29.285702 14.024561 41.170963
13.579690 30.822520 75.953223
40.515392 9.258107 24.550252
26.479969 24.891733 47.460232
35.643922 -5.484724 15.349774
20.920359 26.501701 39.854837
21.164420 55.365354 51.678329
14.447834 17.770291 11.503464
28.497265 8.266213 53.583858
19.072485 -18.508996 19.091735
23.801829 63.441630 53.785590
22.086596 11.754182 23.604593
16.952127 18.516740 46.461038
17.272201 32.792999 35.293264
21.632185 -10.236558 16.723218
17.081383 60.411946 49.466105
1.647883 17.550330 73.939188
17.244929 0.954432 51.399614
14.158797 35.122817 56.447386
8.606490 12.377966 10.348760
3.651253 33.790486 48.444665
-4.944790 32.974937 60.828473
24.941556 -14.540498 12.415044
42.145181 27.075764 39.715776
34.005795 8.857358 6.906350
26.607869 43.407698 86.211561
28.028867 41.051396 34.588399
7.743749 49.679878 49.444434
48.230876 11.854785 26.081392
9.734773 17.404616 71.325226
16.535372 34.707112 87.881035
2.013420 21.542884 56.196623
17.406339 26.458601 44.828644
8.770087 23.331861 83.794863
33.312193 27.765038 39.423027
-3.452517 33.048683 51.913910
48.469507 11.987174 18.522173
3.357796 38.626905 82.392121
20.584539 11.840281 6.261705
21.358978 -12.266130 7.374820
10.786956 8.395211 39.222696
23.134805 22.640757 74.079968
26.567390 26.165363 80.069441
18.861892 33.420989 54.624992
31.970442 35.591893 73.656246
22.004941 32.363502 59.107050
52.466809 10.662393 38.373103
-9.165262 34.118424 72.811753
36.020107 21.352177 48.750599
36.711187 37.636189 40.112690
