25.133555 14.407211 74.525899
43.311878 1.119999 92.175449
47.538765 1.348280 51.785160
34.514501 1.924776 54.849375
41.393604 18.584779 67.780571
40.942002 -11.330824 78.873359
32.845748 5.373345 83.837024
19.943710 -0.043295 58.989954
23.908167 12.892390 98.582807
16.074891 7.739871 73.693528
47.758558 0.539072 63.992253
32.224271 23.833228 86.745351
36.939156 14.808693 97.358994
51.792421 -11.250437 87.770444
42.696551 15.676960 78.087315
58.132981 -4.305475 59.434850
58.986767 -0.945967 96.605895
27.100814 -2.188668 92.880758
45.509063 5.270694 58.069655
46.615986 0.358739 105.042512
50.661573 10.816306 96.539500
29.113570 -2.691050 66.240785
53.861377 10.191649 79.096050
