24.196500 17.563138 23.054813
20.599282 20.985845 6.030496
41.178953 32.116210 17.773660
21.216830 30.841394 28.459266
16.245859 22.437549 -1.260250
-1.630184 21.742960 4.616592
10.694312 15.472480 34.054846
28.738560 40.732728 22.297860
19.992330 8.104778 3.497165
18.502076 34.414913 21.821352
6.437683 4.227625 7.001533
5.595220 32.056923 6.667425
0.032833 9.239046 2.020749
28.353136 8.840698 15.147605
38.017128 36.919938 28.909695
-4.595230 9.901939 16.642432
5.558744 33.009740 20.305533
15.345283 2.638044 8.644660
14.535586 39.739577 6.643751
15.817990 40.998823 18.685314
21.268935 37.803451 12.864736
