7.102812 -10.228755 14.601984
7.544416 4.915244 36.521508
13.385182 8.614430 23.595793
10.459569 -8.299678 38.150006
-1.061830 -4.324714 10.362494
21.316224 -7.283799 13.844841
19.737808 7.564182 3.491186
17.787342 20.021616 11.009073
-0.979052 2.718073 21.856765
23.264741 8.050388 -7.064932
20.135504 -14.051741 40.552107
1.451516 28.824185 2.554558
9.333938 -16.886218 18.580615
9.558023 -14.173426 39.737813
17.364410 3.712610 34.477429
-19.375491 -2.101618 18.579936
-13.465361 -1.935664 9.751242
-5.896073 -20.167232 27.473320
-21.579825 -13.516879 28.050945
20.222898 -6.214931 28.142540
13.375067 2.355089 -10.301457
21.412820 1.070553 19.072523
9.711261 -3.773905 -1.344533
21.006586 10.252747 20.472815
-2.045617 -19.005830 43.433915
9.669575 -17.348523 58.927654
12.723737 -24.284932 53.752822
36.900177 11.258209 -10.911842
31.121659 -0.811131 2.925844
2.227142 -1.876827 47.608464
2.111913 -10.109059 29.070751
28.339318 13.624916 4.070417
1.859462 -11.618677 37.076744
14.414218 -11.101497 6.015920
-4.409194 7.676002 17.964859
