0.048425 38.311745 37.883575
18.310568 44.668583 27.998904
-7.197197 37.572185 23.844707
1.644251 47.485578 59.518667
6.106147 28.172879 14.977258
15.878369 35.339751 20.809850
18.773224 28.329936 27.606981
-1.462867 50.086713 50.220696
-19.425310 33.684573 46.922567
5.505741 30.704297 23.197733
17.926045 29.194523 51.190882
13.375570 48.838489 46.344867
6.467525 45.856893 14.189448
-11.317016 20.705959 56.469196
-20.404231 37.974106 30.482572
1.027163 22.920766 39.401097
12.333072 39.277329 63.513111
5.728857 30.068722 30.279174
17.749180 32.928143 68.217741
20.638121 36.969288 61.378388
22.921828 35.345538 34.958532
-2.865994 48.776560 25.953694
-14.016112 31.129016 29.986405
12.060049 26.907367 42.182753
