1.142211 1.161049 20.454828
31.718733 19.987807 3.118769
-3.863658 15.286430 13.454132
-1.375437 -4.575004 27.223397
0.014573 7.422908 10.534758
17.593174 26.896907 16.429752
39.320849 30.292344 -9.433351
35.035005 13.308024 19.581401
24.809870 16.953343 23.036577
50.465619 32.668104 4.664552
53.445094 17.186243 16.208489
-2.347574 6.531350 31.423038
26.996554 0.642870 7.800540
38.461873 13.622408 -4.651760
42.253635 34.679037 15.194757
26.811238 31.704491 3.846467
23.251443 30.430120 9.320520
31.069836 20.642033 -5.119267
40.980850 39.287464 0.225748
31.345492 38.370888 3.123078
20.150474 11.602705 11.701415
33.090381 21.090783 23.945975
50.904298 24.365982 6.023591
