29.532895 14.152944 41.030043
13.668903 31.032640 75.846387
2.639815 36.088876 59.075449
40.179827 9.938290 23.622640
26.853205 26.029237 47.226742
35.638737 -5.352809 15.228669
15.020245 17.577739 11.146905
19.393194 -18.509342 19.330651
-5.573475 33.842141 62.185738
20.762458 26.606036 39.656109
21.356148 55.610585 51.691307
16.473826 19.190822 44.497359
10.835343 22.327582 82.527720
49.188470 11.346681 27.768398
3.998426 59.196996 60.068674
1.634064 17.828527 73.798986
24.801996 63.738694 52.853358
2.077497 39.312181 81.533267
8.410360 37.423577 43.199818
7.697127 50.693074 49.873490
17.332646 60.758325 49.441627
8.532758 12.761966 9.704061
41.353095 23.380842 21.292375
26.756605 10.593344 52.416911
2.218503 22.311749 55.827911
34.130728 8.713877 6.909363
17.503212 0.503023 50.735497
10.113272 17.744757 71.509167
10.916743 8.267285 39.147828
28.551721 41.603672 34.421891
16.572191 34.711898 87.667517
24.881458 -14.799412 12.475227
26.454706 43.545958 86.376922
20.011048 33.028714 58.520392
20.643873 11.724769 6.188446
36.855219 27.598492 39.890310
12.108109 38.813516 88.848873
31.100113 6.135491 54.183318
31.997204 36.451576 73.736904
22.931324 22.565066 74.157780
40.988968 5.885949 46.712432
26.432340 26.352287 79.818690
52.662567 10.907006 38.217242
46.761175 11.830872 16.787405
34.130260 22.087847 48.648521
23.258976 12.399180 23.617825
17.032224 26.423837 43.846013
-9.365731 34.180269 72.654313
