11.510193 23.946893 11.529849
25.631073 25.631073 0.000000
23.946893 11.510193 -11.529849
39.238022 28.637580 11.383135
28.637580 39.238022 -11.383135
15.945605 40.775381 22.632685
33.315550 12.340813 23.917598
12.340813 33.315550 -23.917598
40.775381 15.945605 -22.632685
5.114506 27.249096 25.378858
27.249096 5.114506 -25.378858
27.549626 23.923814 -30.534357
19.639728 13.138261 -27.938476
13.138261 19.639728 27.938476
-1.675235 27.472187 -12.778343
23.923814 27.549626 30.534357
30.313947 10.821062 0.357505
22.448156 53.835244 9.178807
10.821062 30.313947 -0.357505
53.835244 22.448156 -9.178807
34.205843 35.696574 -28.392624
35.923598 34.278898 28.182771
27.472187 -1.675235 12.778343
40.027674 19.930531 1.455596
19.930531 40.027674 -1.455596
45.749401 36.672800 -21.351753
36.672800 45.749401 21.351753
15.692570 15.692570 -0.000000
35.726350 35.726350 0.000000
