-27.649804 32.752007 -7.913130
-10.630405 12.491023 -5.274457
-18.902713 3.241976 -5.813501
-12.142511 20.333404 -25.466136
-34.969948 12.452196 -35.602362
-11.612850 1.509637 -1.600093
-10.322278 6.746214 4.821675
-24.041736 13.250990 -19.145151
-18.269650 2.832304 -22.755192
-26.173064 42.620758 4.012657
-2.960645 18.885491 -7.981137
-17.756439 33.177153 -7.792107
-38.220877 8.511199 -25.365778
-10.115262 36.446433 -24.959534
-20.604675 38.158859 -23.326700
-43.732136 27.985978 -21.138815
-24.691150 36.040785 -32.310919
-27.864564 26.498100 -42.198325
-10.686244 26.367900 -30.757329
-19.080496 9.951805 -33.359637
-37.291847 33.567399 4.579563
-36.287889 21.258602 1.202446
-27.821996 37.019008 -18.056129
-37.613223 32.739933 -7.360456
-33.922516 34.908095 -13.269511
