41.826758 5.693310 111.502474
23.971368 10.964356 128.418089
20.478869 11.071948 109.928495
27.916090 3.445480 132.826163
30.435844 18.675549 123.656048
34.735080 -19.101769 110.223241
48.317473 31.489618 103.997294
27.178915 -1.172960 126.597866
31.069188 -10.810040 98.819002
55.918540 21.021961 83.470700
58.149656 28.554596 106.513303
22.876621 26.067481 102.743084
53.944612 -23.322272 133.752769
50.721128 14.905660 77.639562
35.140081 22.311651 124.292978
40.802824 25.579176 109.838437
50.526601 -20.141822 137.576134
60.774465 12.031220 91.441265
58.072055 -15.534343 122.930753
63.066055 8.155994 131.341042
43.234769 5.341994 79.125401
51.968501 -6.412368 139.617045
43.346786 -11.874681 98.367066
38.402522 -2.592727 137.035528
45.855371 0.671692 126.265633
22.253909 9.280798 94.247801
60.368889 -3.201246 134.764975
70.221323 12.070131 113.511901
56.253412 -3.225737 120.041896
67.964071 13.711874 103.551653
52.228115 7.326994 123.815598
