6.458994 -10.010620 5.782415
2.215767 -12.822264 3.527783
31.141966 12.464169 -4.964904
18.934439 -5.691913 14.327003
32.647455 -7.456617 -4.527298
24.917783 6.054461 10.800853
7.225889 -2.069086 -6.448013
1.727881 -7.536123 29.285633
10.298705 21.271269 23.197652
20.146555 -19.912993 13.317994
1.724669 19.575576 18.808973
20.764594 3.446274 -16.169903
29.982012 -8.293947 -14.603201
0.956137 -5.089271 14.289718
1.987108 1.530891 5.904744
-3.134614 15.848270 24.580086
-6.491250 5.117040 17.440910
1.896369 8.119865 7.515067
27.387255 5.288059 -17.177821
20.280342 -11.337120 23.774190
20.885075 19.251767 15.336254
2.711280 6.223762 32.919984
25.736548 -21.545961 -3.199418
11.135203 3.196793 -11.067705
