25.914347 15.412536 19.314570
8.134729 11.135394 33.056173
8.296181 -4.697269 -8.835149
17.500168 13.857508 41.064656
13.576135 -2.813014 28.907616
21.567286 3.208574 44.492957
12.078182 -10.014258 31.037622
14.545349 -2.953681 12.265437
5.769502 -6.162609 -0.652375
1.284575 1.615437 -10.786459
-4.009803 -6.316686 19.999282
11.882668 -0.858606 45.029712
1.654425 -9.344301 37.953432
27.654432 -3.902048 24.062286
13.845401 16.345559 24.895474
35.619833 5.137792 20.994093
27.250785 -9.297117 33.842984
33.280397 8.044995 29.144706
14.303425 -8.676916 42.789975
2.298970 -7.360835 22.981993
31.893541 22.225693 22.502176
