21.635000 42.535000 38.756455
6.535741 52.843640 37.398691
25.671420 43.038246 48.261929
21.635000 42.535000 55.171902
12.220173 33.920814 48.766985
29.888390 33.157804 47.557048
31.049827 51.149186 48.766985
33.417284 55.478779 27.163371
4.617904 23.255386 30.500227
17.598580 42.031754 48.261929
19.556784 67.404713 34.176867
13.381610 51.912196 47.557048
9.852716 29.591221 27.163371
13.439442 56.537696 72.004575
29.830558 28.532304 72.004575
5.142991 32.715361 58.326427
36.734259 32.226360 37.398691
5.415803 30.905860 39.836131
33.500801 25.117682 63.415049
23.713216 17.665346 34.176867
37.854197 54.164140 39.836131
21.635000 42.535000 62.187758
15.601316 63.953457 47.747393
27.048003 36.093657 67.336532
38.127009 52.354639 58.326427
11.174982 24.077938 53.910473
16.222045 48.976365 67.336739
9.769199 59.952318 63.415049
38.652096 61.814614 30.500227
32.095018 60.992062 53.910473
27.668684 21.116543 47.747393
15.391247 41.553277 31.845309
27.424191 43.594715 31.823086
5.909064 40.706805 61.630143
6.166894 51.849073 60.232002
37.103106 33.220927 60.232002
37.360889 44.363195 61.630143
36.713725 27.716569 53.432569
6.556275 57.353431 53.432569
