23.581182 18.528448 58.334243
19.336028 42.347944 54.369349
5.301340 25.489430 57.811692
13.498605 16.615788 51.619148
-2.199335 29.238018 67.880152
-7.389930 31.360599 56.136117
10.080603 31.958824 69.165903
19.486592 23.026567 66.815099
3.895968 15.686884 69.045846
8.553646 42.091311 42.248174
5.291898 20.554913 61.794763
24.010275 -3.984261 53.593669
11.570997 43.765379 63.259205
14.457641 10.258246 63.604225
-1.942952 41.167930 54.383384
22.215762 17.815376 41.471129
32.972389 30.215925 51.701479
11.743522 12.724420 66.240121
15.861551 0.542357 65.176477
