-2.273628 -8.846773 31.243307
3.525226 -21.434023 34.614766
16.470085 -6.508521 22.238979
5.981436 -12.119786 39.129468
-26.602864 8.776209 34.886287
-7.326284 10.773767 36.508895
-2.236046 -9.323611 42.867026
-5.240260 -4.824445 19.730946
-17.583738 15.374207 38.606058
8.771810 -19.112718 3.350021
-20.142935 -1.856785 42.465508
-16.402831 3.625470 42.544600
-23.075567 4.291809 17.593200
-23.305581 -6.617288 25.451471
10.303286 6.567850 5.263455
-28.143128 3.719752 26.956317
-1.203616 6.833123 34.629295
19.964591 -0.622927 9.080490
-3.734307 17.180078 24.204853
-18.388899 18.289972 14.430850
20.376197 -12.089822 1.836739
