17.929239 65.893863 -0.703627
3.608632 47.414738 1.451859
6.761935 81.602935 0.797270
24.746780 74.871616 -4.142024
-2.702131 67.427135 -5.925145
18.607676 87.114878 2.470260
17.075499 79.234734 1.141809
9.778320 71.162628 12.829776
27.283910 56.995613 -2.134331
-0.731012 94.813537 -0.707113
13.481337 57.240377 -7.822314
9.081551 82.553112 -16.505502
-2.628061 81.119668 -8.292558
-8.261298 77.211286 8.038413
24.996483 54.134159 4.970598
20.212449 57.200412 17.730664
-5.404039 67.434028 13.095550
-3.767290 59.591735 14.589817
2.497172 55.504431 -9.752178
25.706448 70.787497 5.678370
