-5.799611 21.473104 18.547180
19.237206 27.692176 24.583135
19.344489 36.277665 17.425223
11.819524 4.939118 33.621907
25.983665 32.379225 33.994808
2.103296 23.342687 37.116177
3.084371 37.441404 27.403580
-4.614477 9.570060 33.541195
-10.792534 34.716521 29.697425
19.831137 26.580676 12.268804
16.420714 4.251282 26.780238
-18.589003 32.313270 37.628877
20.772572 10.967694 25.918067
18.508073 6.440553 13.616808
14.538361 44.349432 20.294241
10.605505 24.572048 40.611123
25.798330 13.534541 24.750083
