-0.488362 -9.295712 38.046941
7.589349 3.033517 16.415364
-7.165662 10.657190 36.733236
-27.067636 9.022583 34.240166
8.741481 -2.954614 33.957610
16.545956 -6.315913 22.207173
13.779506 -15.204004 -0.764436
-19.559593 -1.595567 42.099393
9.176329 -19.003897 3.366815
-5.176599 -4.452118 19.738944
-25.974505 13.505845 21.232403
-19.467384 19.463251 20.884724
-17.772526 16.239293 37.980916
-27.836026 2.277486 26.823651
-4.094759 16.786640 26.363847
-16.535936 3.714515 42.592764
19.921083 -0.446636 9.155292
-1.838015 5.103647 34.772986
1.911152 -22.983275 33.198545
-23.020271 4.678645 17.170500
-23.401323 -6.681036 25.411068
-2.773869 17.330738 20.408814
