46.928742 71.672609 63.443813
37.986674 58.076550 84.161988
35.444112 72.731413 58.671431
26.731936 62.625996 66.547465
39.791783 53.504839 52.579769
50.090339 48.316354 81.552798
49.176872 55.185062 85.868011
26.397430 59.272204 57.750140
34.149543 47.620816 60.208071
34.044919 67.048636 51.355695
49.761190 58.049914 59.651939
29.203403 70.882571 73.943966
56.936716 56.448118 74.081805
52.264948 73.114260 77.138437
31.347809 51.455564 69.651036
56.497494 48.821989 75.639998
55.486276 86.672098 67.889513
