18.018696 -16.341047 18.206862
47.217400 -45.839546 27.963182
7.117932 -25.317457 22.084070
3.397147 -28.174519 33.319492
16.369931 -6.415909 25.390957
30.445479 -4.078176 6.624049
41.825057 -50.998041 20.780909
19.041567 -31.223906 45.084349
34.279237 -51.807109 33.034600
9.792763 -46.261805 29.528330
36.003687 -59.886518 13.171709
16.039706 -52.526272 27.449460
24.889768 -55.774796 11.668847
42.044080 -34.172721 18.627226
13.413362 -29.427863 12.311188
58.616087 -34.720713 30.436404
30.658800 -22.010842 27.902457
31.230396 -61.598164 24.574820
26.051305 -4.866851 23.080932
9.198126 -36.862544 36.241195
56.636958 -49.024929 20.717408
32.031992 -28.651347 27.331803
32.512074 -14.744898 35.502450
49.736907 -32.083695 11.297536
29.498131 -36.914416 34.618187
39.983509 -56.672220 25.199395
14.701563 -51.419931 18.625308
56.223666 -50.635449 34.968509
49.682572 -62.392548 23.993131
36.806951 -17.988262 26.857950
36.708877 -8.755711 26.831567
11.751553 -12.588966 33.181371
54.119641 -27.768244 19.635500
35.912010 -32.203989 19.357586
61.086387 -32.472122 27.292240
20.943073 -42.924963 38.853942
47.890579 -54.069331 11.655850
38.512637 -25.791115 23.253275
33.510399 -5.190766 15.678281
27.315204 -34.494101 11.984790
43.279689 -24.972109 21.843335
