31.014920 4.804884 -13.200701
6.408446 7.658045 -20.449099
20.796330 0.422476 -21.637565
21.458212 -11.761355 -26.768172
0.436856 -15.489935 -14.667698
-4.197127 -10.701455 -2.535714
14.170515 -9.291399 -17.999492
-13.466662 -4.918576 -16.030300
-14.413622 -7.917318 -9.580798
-18.424581 -5.038359 -0.707660
12.579762 -7.365601 -33.563788
31.705432 -21.532871 -4.681978
41.760843 -5.783661 -14.398311
37.379224 -11.273069 -23.227236
2.378447 -17.462796 -20.498919
20.817395 -4.003911 -9.080724
-9.815234 7.791100 -15.030659
38.745657 -14.863947 -4.860678
15.973665 -20.200577 -22.570254
-9.580205 -13.685391 -19.643532
3.399677 8.294658 -6.866868
20.128265 2.172371 -34.441071
29.117639 -11.010677 -31.674302
-7.578058 -1.493360 -3.152270
-8.255210 7.445086 -29.135713
13.212511 -8.578223 -12.424521
