44.817956 17.362941 -4.374298
17.398468 45.121371 4.097301
3.723866 29.512503 7.468727
29.512503 3.723866 -7.468727
49.648249 20.758169 20.814705
19.098922 29.900893 -3.785798
20.758169 49.648249 -20.814705
31.647289 61.200390 1.200045
37.517737 37.953302 -8.057574
37.953302 37.517737 8.057574
17.750027 40.430026 21.756917
29.900893 19.098922 3.785798
8.678381 27.885421 -3.812646
54.197251 37.894286 11.851797
37.894286 54.197251 -11.851797
61.200390 31.647289 -1.200045
40.430026 17.750027 -21.756917
27.885421 8.678381 3.812646
48.228204 7.059641 -4.056503
31.489987 27.097673 4.505135
29.015299 50.401500 10.690063
21.626814 21.626814 0.000000
27.097673 31.489987 -4.505135
7.059641 48.228204 4.056503
50.401500 29.015299 -10.690063
30.499302 14.993827 11.943222
14.993827 30.499302 -11.943222
49.856700 49.856700 0.000000
32.555874 35.880960 12.872825
35.880960 32.555874 -12.872825
