28.452003 4.884666 1.585392
9.121660 -5.188548 24.192979
22.267098 9.781617 6.477533
37.393438 9.462780 -12.092236
-3.243079 15.193263 0.655321
16.318832 -10.336947 -9.970939
3.802719 5.127391 -15.950372
-0.138482 -8.003238 1.659371
29.954798 -3.009787 -21.510316
15.118915 12.246374 5.551648
8.787972 -6.654216 -3.078706
22.780000 -13.897399 -19.868249
34.484222 -11.387179 -6.023328
33.194432 17.714483 0.672726
7.544730 16.706451 -15.639904
21.204046 5.356882 14.859126
41.827664 3.527131 0.038126
29.539921 -13.863270 18.194694
21.368276 -25.491016 20.487802
21.674029 -19.399106 32.838045
40.531788 3.865066 18.245425
21.760435 -5.969909 7.989836
30.186408 -8.364030 -21.003432
40.949841 -2.278931 -0.257605
