-18.323542 -15.650779 -8.733265
-25.960514 12.063550 3.757403
-7.941118 2.895663 -0.357037
-10.788156 3.184215 15.574939
-14.041592 -7.719379 -9.908651
-1.291757 16.200628 -4.948086
-18.095298 -3.240430 2.382304
-11.553586 36.784994 -15.377366
-6.363450 -21.209628 5.750409
-10.928959 30.691707 -6.955992
-25.379858 27.228327 -3.713755
-9.475493 -2.941491 -10.216423
-14.515407 34.640926 -17.601492
-3.197578 26.417607 1.587519
-25.311864 24.086759 1.791930
-24.539412 24.999542 11.442151
-0.064196 14.744317 1.938905
-5.916240 -12.021355 13.420062
-2.653368 -21.985987 -13.618296
-12.253524 3.287415 -5.377501
-15.295182 8.376720 -11.249701
-4.200352 -6.887064 -21.030087
4.435105 -13.487539 -13.738263
-21.362861 -0.700112 15.953247
2.763012 -0.695685 4.236204
-14.235329 24.578316 -14.301966
-3.186656 -4.581646 8.884133
-9.705445 20.419439 -20.034286
