-10.065160 -10.924207 -3.050896
5.303048 -2.622529 6.248467
-1.590324 -6.852181 -7.394910
-8.877679 -6.687386 35.434488
8.951685 -7.790331 -0.712454
11.381837 -1.368685 13.210985
-7.771881 7.980827 10.349590
5.786907 -11.638922 16.290790
-3.678327 0.679755 11.093064
-24.803840 -0.304594 29.299789
-11.710158 4.089231 31.817265
-0.507391 11.191748 24.352860
-1.773095 -13.867915 22.797579
-11.168077 17.563461 11.053720
-17.630978 -12.029510 31.033618
-5.968657 1.406321 16.549192
-18.464978 -1.904043 -4.103640
6.062758 -4.159015 27.988062
